version https://git-lfs.github.com/spec/v1
oid sha256:1f600fc9115cf503e7a5b327ff473fcd29312e85f196be702dbbf3b847e6b216
size 7870
